%% 算法所用时间比较
% time1是基于RBF的运算时间
% time2是基于Inverse Multiquadric的运算时间
% time3是基于k-means的运算时间
% time4是基于k-medoids的运算时间

time1 = [0,1.29976542666555e-05,8.44907481223345e-06,8.27549956738949e-06,8.85420013219118e-06,7.70832411944866e-06,8.06711614131928e-06,8.13661608844996e-06,8.19447450339794e-06,9.32859256863594e-06,9.24768391996622e-06,1.06018269434571e-05];
time2 = [0,3.29514732584357e-05,2.62731919065118e-05,2.48032156378031e-05,2.73147597908974e-05,2.69096344709396e-05,2.55786580964923e-05,2.66551505774260e-05,2.84954439848661e-05,2.59722582995892e-05,2.66665592789650e-05,2.59953085333109e-05];
time3 = [1.75926834344864e-06,5.78700564801693e-07,7.75442458689213e-07,7.40750692784786e-07,1.31945125758648e-06,1.64355151355267e-06,2.17591878026724e-06,1.51630956679583e-06,1.06485094875097e-06,1.06485094875097e-06,1.09954271465540e-06,1.20373442769051e-06];
time4 = [3.72680369764566e-06,5.09317032992840e-07,6.36558979749680e-07,8.67992639541626e-07,9.72184352576733e-07,1.12270936369896e-06,1.59721821546555e-06,1.14587601274252e-06,1.99070200324059e-06,1.42364297062159e-06,2.62726098299027e-06,2.29163561016321e-06];